steps / -2407 / -52 / 256,0,256,18,164,18,138,0,112,18,138,18,164,106,112,37,87,37,112,37,164,106,87,55,62,55,87,55,62,72,38.5,72,62,72,38.5,88.5,62,72,87,55,164,106,38.5,88.5,0,88.5,38.5,88.5,164,106,0,106,138,18,138,0,164,18,164,106
mainPlatform / -2506.9 / -87.25 / 1962.2,0,1962.2,18.05,1817.45,7.75,1817.45,0,1817.45,7.75,1962.2,18.05,1799.45,15.75,1799.45,7.75,1799.45,15.75,1962.2,18.05,1883.2,18.05,1779.95,15.75,1761.2,24,1779.95,24,1761.2,31.5,1741.95,31.5,1761.2,31.5,1741.95,39.25,1761.2,31.5,1779.95,24,1883.2,193.25,1741.95,39.25,1431.65,39.25,1741.95,39.25,1883.2,193.25,1431.65,127.4,884.25,127.4,1431.65,127.4,1883.2,193.25,884.25,168.2,533,127.2,533,168.2,511.5,168.25,511.5,127.2,533,168.2,884.25,168.2,1883.2,193.25,0,193.25,511.5,168.25,0,168.25,511.5,168.25,0,193.25,1779.95,24,1779.95,15.75,1883.2,18.05,1883.2,193.25
boxPlatform / -2074 / -90 / 100,0,100,18,0,18,0,0
box0 / -1994.35 / -111.5 / 20,0,20,20,0,20,0,0
box1 / -1994.35 / -132.75 / 20,0,20,20,0,20,0,0
box2 / -1994.35 / -154 / 20,0,20,20,0,20,0,0
ceil / -1622.65 / -136.75 / 184,0,184,140.25,0,140.25,0,0
bigBox / -1340.95 / -0.5 / 0,0,40,0,40,40,0,40
killStar / -1058.4 / -66.8 / 40
rampa / -632.95 / -167 / 11.6,-14.25,11.6,-8.2,5.6,-8.2,0,-14.25,435.5,84.5,354.5,64.5,451,87.5,354.5,64.5,210.95,30,505.5,94,483.5,92.5,451,87.5,210.95,30,157.95,18,450,81.5,505.5,94,996,70.6,1015,70.6,1009,76.6,996,76.6,1015,70.6,1015,94,1009,88.5,1009,76.6,1015,94,505.5,94,507.5,88.5,1009,88.5,507.5,88.5,505.5,94,483,86.5,483,86.5,505.5,94,450,81.5,450,81.5,157.95,18,420,74.5,420,74.5,157.95,18,211,23.5,353.5,57.5,157.95,18,110,12,158,11.5,211,23.5,110,12,58.75,7,110,5.5,158,11.5,58.75,7,0,7,5.6,0,58.75,0,110,5.5,0,7,0,-14.25,5.6,-8.2,5.6,0
roll1 / -606.1 / -176.55 / 8
roll2 / -595.95 / -176.8 / 8
goPlat / -627.2 / -125.25 / 5.45,0.75,5.45,10.1,0,15.75,0,0.75,5.45,10.1,54.05,10.1,59.75,15.75,0,15.75,54.05,10.1,54.05,0,59.75,0,59.75,15.75
